=======================================
      Product list - Active Only       
=======================================

        Tax Table
Index Rd Rate
   01  06  20.00000
   02  06   0.00000


        Product list

Code  Product       ET TT   E.Pr   T.Pr
 1000 HAMB          01 01   0.89   0.89
 1010 CHB           01 01   0.99   0.99
 1013 V-CHB         01 01   0.00   0.00
 1019 BACCHB        01 01   0.00   0.00
 1038 LITALY        01 01   0.00   0.00
 1041 LTTAST        01 01   0.00   0.00
 1042 CKBCWR        01 01   0.00   0.00
 1043 SUMBBQ        01 01   0.00   0.00
 1044 CHKSUP        01 01   0.00   0.00
 1045 LITTMX        01 01   0.00   0.00
 1046 1955          01 01   3.39   3.39
 1060 QTRCHB        01 01   2.39   2.39
 1070 QTRDLX        01 01   0.00   0.00
 1071 BQTRDX        01 01   0.00   0.00
 1100 BIGMAC        01 01   2.39   2.39
 1103 V-MAC         01 01   0.00   0.00
 1111 BMAC&MDRK     01 01   1.99   1.99
 1112 VC-C+D        01 01   1.99   1.99
 1146 DB CHB        01 01   1.39   1.39
 1150 DBLCHFRY      01 01   1.99   1.99
 1201 DELUXE        01 01   0.00   0.00
 1202 BACDLX        01 01   0.00   0.00
 1203 THE M         01 01   0.00   0.00
 1204 SUMSPM        01 01   3.39   3.39
 1207 MBAC          01 01   0.00   0.00
 1208 FESDLX        01 01   0.00   0.00
 1210 DBL QTR CHEE  01 01   0.00   0.00
 1218 BIGCHS        01 01   0.00   0.00
 1231 BACON BIG TA  01 01   0.00   0.00
 1235 BIG TASTY     01 01   0.00   0.00
 1241 NEWYOKCL      01 01   0.00   0.00
 1242 CHCAGO        01 01   0.00   0.00
 1244 TEXAS         01 01   0.00   0.00
 1245 MIAMLT        01 01   0.00   0.00
 1248 ARZDLX        01 01   0.00   0.00
 1249 GRLSTR        01 01   0.00   0.00
 1251 WFEAST        01 01   0.00   0.00
 1252 CBMELT        01 01   0.00   0.00
 1254 SUPREM        01 01   0.00   0.00
 1255 NEWORLD       01 01   0.00   0.00
 1373 C+BSNK        01 01   1.49   1.49
 1374 CKOSNK        01 01   1.49   1.49
 1375 LILCHZ        01 01   0.00   0.00
 1376 ORISNK        01 01   0.00   0.00
 1377 RCHSNK        01 01   0.00   0.00
 1378 SALSNK        01 01   0.00   0.00
 1380 CAESNK        01 01   0.00   0.00
 1381 LITWES        01 01   1.49   1.49
 1382 GRLWRP        01 01   1.49   1.49
 1383 TIKSNK        01 01   0.00   0.00
 1395 4-NUGS        01 01   0.99   0.99
 1400 6-NUGS        01 01   2.39   2.39
 1410 9-NUGS        01 01   2.69   2.69
 1414 SHKSLT        01 01   1.89   1.89
 1419 SNKWRP        01 01   0.00   0.00
 1420 20-NUG        01 01   3.99   3.99
 1424 CHK SL x 5    01 01   3.89   3.89
 1427 CHK SL x 3    01 01   2.59   2.59
 1442 MAYCHK        01 01   0.99   0.99
 1472 CHKSAN        01 01   2.39   2.39
 1479 ORINGS        01 01   0.00   0.00
 1480 BCO           01 01   3.39   3.39
 1483 FIECHK        01 01   0.00   0.00
 1486 MAYOLG        01 01   3.09   3.09
 1487 SALSLG        01 01   3.09   3.09
 1488 CHKDLX        01 01   0.00   0.00
 1489 BCHDLX        01 01   0.00   0.00
 1490 ONDIPR        01 01   0.00   0.00
 1491 BAC MAYO LGN  01 01   0.00   0.00
 1492 BAC SAL LGND  01 01   0.00   0.00
 1495 CHSONB        01 01   0.00   0.00
 1507 CHSMLT        01 01   0.00   0.00
 1508 MOZDIP        01 01   1.49   1.49
 1600 FILET         01 01   2.29   2.29
 1655 V FL+F        01 01   1.99   1.99
 1740 VEGDLX        01 01   1.99   1.99
 1742 V VG+F        01 01   1.99   1.99
 1803 MTDSF         01 01   0.00   0.00
 1804 LTDSF         01 01   0.00   0.00
 1806 MTDSS         01 01   0.00   0.00
 1807 LTDSS         01 01   0.00   0.00
 1808 MTDSWG        01 01   0.00   0.00
 1809 LTDSWG        01 01   0.00   0.00
 1810 KWMSCC        01 01   0.00   0.00
 1811 KWLSCC        01 01   0.00   0.00
 1812 KWMGCK        01 01   0.00   0.00
 1813 KWLGCK        01 01   0.00   0.00
 1814 KWMC+B        01 01   0.00   0.00
 1815 KWLC+B        01 01   0.00   0.00
 1816 KWMSPV        01 01   0.00   0.00
 1817 KWLSPV        01 01   0.00   0.00
 1818 WKMSCC        01 01   0.00   0.00
 1819 WKLSCC        01 01   0.00   0.00
 1820 WKMGCK        01 01   0.00   0.00
 1821 WKLGCK        01 01   0.00   0.00
 1822 WKMC+B        01 01   0.00   0.00
 1823 WKLC+B        01 01   0.00   0.00
 1824 WKMSPV        01 01   0.00   0.00
 1825 WKLSPV        01 01   0.00   0.00
 1826 KDMSCC        01 01   0.00   0.00
 1827 KDLSCC        01 01   0.00   0.00
 1828 KDMGCK        01 01   0.00   0.00
 1829 KDLGCK        01 01   0.00   0.00
 1830 KDMC+B        01 01   0.00   0.00
 1831 KDLC+B        01 01   0.00   0.00
 1832 KDMSPV        01 01   0.00   0.00
 1833 KDLSPV        01 01   0.00   0.00
 1834 DKMSCC        01 01   0.00   0.00
 1835 DKLSCC        01 01   0.00   0.00
 1836 DKMGCK        01 01   0.00   0.00
 1837 DKLGCK        01 01   0.00   0.00
 1838 DKMC+B        01 01   0.00   0.00
 1839 DKLC+B        01 01   0.00   0.00
 1840 DKMSPV        01 01   0.00   0.00
 1841 DKLSPV        01 01   0.00   0.00
 1858 CHILCHK       01 02   1.99   1.99
 1859 CHKSAL        01 02   1.99   1.99
 1860 CHKBAC        01 02   1.99   1.99
 1861 SPIVEG        01 02   1.99   1.99
 1862 BRCHLD        01 01   0.00   0.00
 1863 BCHKSAL       01 01   0.00   0.00
 1864 Brown Chk Ba  01 01   0.00   0.00
 1865 Brown Spicy   01 01   0.00   0.00
 1866 CHKBACD       01 02   2.99   2.99
 1867 B-C+BC        01 01   0.00   0.00
 1868 CHKBACD       01 02   0.00   0.00
 1869 FB-C+B        01 01   0.00   0.00
 1870 W-PORK        01 01   0.00   0.00
 1871 B-PORK        01 01   0.00   0.00
 1872 FW-PRK        01 01   0.00   0.00
 1873 FB-PRK        01 01   0.00   0.00
 1874 V.CHILLI      01 02   0.00   0.00
 1875 VCHK SAL      01 02   0.00   0.00
 1878 VSPCYVG       01 02   0.00   0.00
 1879 V.B CHILLI    01 01   0.00   0.00
 1880 V B.CHK SAL   01 01   0.00   0.00
 1883 FB-SPV        01 01   0.00   0.00
 1884 CHILCHK       01 02   2.99   2.99
 1885 CHKSADL       01 02   2.99   2.99
 1889 SPCYVEG       01 02   2.49   2.49
 1890 B-CHIL        01 01   0.00   0.00
 1891 B-CSAL        01 01   0.00   0.00
 1895 B-SVEG        01 01   0.00   0.00
 1903 CHIL-W        01 01   0.00   0.00
 1904 SAL-W         01 01   0.00   0.00
 1907 TFRYMS        01 01   1.30   1.30
 1908 TFRYDR        01 01   0.49   0.49
 1923 CHIL-B        01 01   0.00   0.00
 1924 SAL-B         01 01   0.00   0.00
 1970 EMPTDS        01 01   2.99   2.99
 1978 LTFRYD        01 01   0.68   0.68
 1979 LTFRYM        01 01   1.60   1.60
 1995 W199SC        01 01   0.00   0.00
 1996 B199SC        01 01   0.00   0.00
 1997 T-FRY         01 01   1.50   1.50
 1998 LTFRPC        01 01   1.80   1.80
 2016 GRL CHK + BA  01 01   0.00   0.00
 2017 GRL CHK SAL   01 01   0.00   0.00
 2023 BAL DRES      01 02   0.00   0.00
 2027 CSRCPY        01 01   0.00   0.00
 2028 CSRGRL        01 01   0.00   0.00
 2031 GLD CH&BA     01 01   0.00   0.00
 2032 GLD CHK EVM   01 01   0.00   0.00
 2037 GDNSAL        01 02   0.99   0.99
 2041 MEDGDN        01 02   0.00   0.00
 2042 LRGGDN        01 02   0.00   0.00
 2049 SALUPG        01 01   0.50   0.50
 2053 CSCPML        01 01   0.00   0.00
 2054 CSGLML        01 01   0.00   0.00
 2057 GLBCML        01 01   0.00   0.00
 2064 T-SAL         01 02   1.50   1.50
 2065 TDS-LRG SAL   01 02   1.80   1.80
 2071 CPY CHK + BA  01 01   3.59   3.59
 2072 GRL CHK + BA  01 01   3.59   3.59
 2073 CPY CHK SAL   01 01   3.29   3.29
 2074 GRL CHK SAL   01 01   3.29   3.29
 2075 CPY CH+BA EV  01 01   3.20   3.20
 2076 GLD CH&BA     01 01   3.20   3.20
 2077 CPY CHK EVM   01 01   2.90   2.90
 2078 GLD CHK EVM   01 01   2.90   2.90
 2097 CSAR DRES     01 02   0.00   0.00
 2409 CBWRP         01 02   2.99   2.99
 2410 GCKWRP        01 01   0.00   0.00
 2411 VGWRP         01 02   2.49   2.49
 2412 SCCWRP        01 02   2.99   2.99
 2413 WRPCB         01 02   1.99   1.99
 2414 WRPGCK        01 01   0.00   0.00
 2415 WRPVG         01 02   1.99   1.99
 2416 WRPSCC        01 02   1.99   1.99
 2417 VCHCBW        01 02   0.00   0.00
 2419 VCHSVW        01 02   0.00   0.00
 2420 VCHSCW        01 02   0.00   0.00
 2421 WPMFRY        01 01   1.50   1.50
 2422 WPLFRY        01 01   1.80   1.80
 2423 WPMSAL        01 02   1.50   1.50
 2424 WPLSAL        01 02   1.80   1.80
 2425 WPMWED        01 01   1.80   1.80
 2426 WPLWED        01 01   1.80   1.80
 2427 EMPWRA        01 01   2.99   2.99
 2451 GCHKWR        01 02   2.99   2.99
 2452 WRPCKG        01 02   1.99   1.99
 2453 VCHGCW        01 02   0.00   0.00
 2618 HMFISH        01 01   0.00   0.00
 2619 HP SML FRIES  01 01   0.00   0.00
 2633 SMOOTHIE      01 01   1.19   1.19
 2634 HB SMOOTH     01 01   0.60   0.60
 2635 MB SMOOTH (E  01 01   0.89   0.89
 2636 LB SMOOTH (E  01 01   1.00   1.00
 2637 MB SMOOTH (T  01 01   0.00   0.00
 2638 LB SMOOTH (T  01 01   0.30   0.30
 2639 V-SML SMOOTH  01 01   0.00   0.00
 2640 VCH SMOOTHIE  01 01   0.00   0.00
 2641 LVCH SMOOTHI  01 01   0.00   0.00
 2685 V H.HAM ML    01 01   0.00   0.00
 2686 V.HAP CHB ML  01 01   0.00   0.00
 2687 V.HAP NUG     01 01   0.00   0.00
 2689 V.HAP FISH    01 01   0.00   0.00
 2700 HMHAM         01 01   1.59   1.59
 2701 HMXTRA        01 01   0.00   0.00
 2708 HAP HAM PLAI  01 01   0.00   0.00
 2709 HAPPY CHS PL  01 01   0.00   0.00
 2710 HMCHB         01 01   1.59   1.59
 2712 BDYPTY        01 01   3.00   3.00
 2725 HAPFSH        01 01   1.59   1.59
 2730 HM4NUG        01 01   1.59   1.59
 2740 BDYHAM        01 01   4.99   4.99
 2742 H-WATR        01 01   0.60   0.60
 2746 B+A FS        01 01   0.89   0.89
 2747 LB B+A FS     01 01   1.00   1.00
 2750 BDYCHB        01 01   4.99   4.99
 2753 LTBKFS        01 01   0.00   0.00
 2754 T-BKFS        01 01   0.00   0.00
 2759 V-BKFS        01 01   0.00   0.00
 2760 BDYNUG        01 01   4.99   4.99
 2765 BDYFSH        01 01   4.99   4.99
 2787 H-BKFS        01 01   0.60   0.60
 2788 BLK-FS        01 01   0.99   0.99
 2789 FRUITB        01 02   0.69   0.69
 2797 H-FRBG        01 02   0.00   0.00
 2846 2 EVM 2 HAP   01 01   0.00   0.00
 2847 1EVM 1 HAP    01 01   3.99   3.99
 2859 M CAR BAG     01 01   0.00   0.00
 2860 CARROT        01 02   0.69   0.69
 2861 H-CART        01 02   0.00   0.00
 3000 SML COKE      01 01   0.89   0.89
 3005 MED COKE      01 01   0.99   0.99
 3010 LRG COKE      01 01   1.29   1.29
 3020 SML COKE      01 01   0.60   0.60
 3025 MED COKE      01 01   0.89   0.89
 3027 T-COKE        01 01   0.00   0.00
 3028 LTCOKE        01 01   0.00   0.00
 3030 L COKE        01 01   1.00   1.00
 3031 V-COKE        01 01   0.00   0.00
 3032 VHCOKE        01 01   0.00   0.00
 3033 VLCOKE        01 01   0.00   0.00
 3050 SMLDTCOKE     01 01   0.89   0.89
 3055 MDTCOKE       01 01   0.99   0.99
 3060 LRGDTCOKE     01 01   1.29   1.29
 3062 T-DIET        01 01   0.00   0.00
 3063 LTDIET        01 01   0.00   0.00
 3070 SML DT COKE   01 01   0.60   0.60
 3075 MED DT COKE   01 01   0.89   0.89
 3080 LRG DT COKE   01 01   1.00   1.00
 3081 V-DIET        01 01   0.00   0.00
 3082 VHDIET        01 01   0.00   0.00
 3083 VLDIET        01 01   0.00   0.00
 3100 SMLFAN        01 01   0.89   0.89
 3105 MEDFAN        01 01   0.99   0.99
 3110 LRGFAN        01 01   1.29   1.29
 3112 T-FANT        01 01   0.00   0.00
 3113 LTFANT        01 01   0.00   0.00
 3120 SML FANTA     01 01   0.60   0.60
 3125 MED FANTA     01 01   0.89   0.89
 3130 LRG FANTA     01 01   1.00   1.00
 3131 V-FANT        01 01   0.00   0.00
 3132 VHFANT        01 01   0.00   0.00
 3133 VLFANT        01 01   0.00   0.00
 3171 SMLCOKEZ      01 01   0.89   0.89
 3172 MEDCOKEZ      01 01   0.99   0.99
 3173 LRGCOKEZ      01 01   1.29   1.29
 3174 SML COKE Z    01 01   0.60   0.60
 3175 MED COKE Z    01 01   0.89   0.89
 3176 LRG COKE Z    01 01   1.00   1.00
 3177 VHCOKZ        01 01   0.00   0.00
 3178 V-COKZ        01 01   0.00   0.00
 3179 VLCOKZ        01 01   0.00   0.00
 3180 V-SFRY        01 01   0.00   0.00
 3181 T-COKZ        01 01   0.00   0.00
 3182 LTCOKZ        01 01   0.00   0.00
 3200 SMLIRN        01 01   0.00   0.00
 3205 MEDIRN        01 01   0.00   0.00
 3210 LRGIRN        01 01   0.00   0.00
 3211 MEDIRNBRU     01 01   0.00   0.00
 3212 LRGIRNBRU     01 01   0.00   0.00
 3216 MEVMIRN       01 01   0.00   0.00
 3217 HAPIRN        01 01   0.00   0.00
 3218 LEVMIRN       01 01   0.00   0.00
 3222 VMEDIRN       01 01   0.00   0.00
 3223 VSMLIRN       01 01   0.00   0.00
 3224 VLRGIRN       01 01   0.00   0.00
 3255 SMLFZFAN      01 01   0.89   0.89
 3260 MEDFZFAN      01 01   0.99   0.99
 3265 LRG FZFAN     01 01   1.29   1.29
 3271 T-FZFA        01 01   0.00   0.00
 3272 LTFZFA        01 01   0.00   0.00
 3275 MED FZ FAN    01 01   0.89   0.89
 3280 LRG FIZ FAN   01 01   1.00   1.00
 3281 V-FZFA        01 01   0.00   0.00
 3282 VHFZFA        01 01   0.00   0.00
 3283 VLFZFA        01 01   0.00   0.00
 3285 H-FZFA        01 01   0.60   0.60
 3380 S-FRIZ        01 01   0.00   0.00
 3381 M-FRIZ        01 01   0.00   0.00
 3382 L-FRIZ        01 01   0.00   0.00
 3383 H-FRIZ        01 01   0.00   0.00
 3384 M E-FRIZ      01 01   0.00   0.00
 3385 LMFRIZ        01 01   0.00   0.00
 3386 M T-FRIZ      01 01   0.00   0.00
 3387 LTFRIZ        01 01   0.00   0.00
 3388 VH S FRIZ     01 01   0.00   0.00
 3389 VH M FRIZ     01 01   0.00   0.00
 3390 VH L FRIZ     01 01   0.00   0.00
 3400 SMLSPRITE     01 01   0.89   0.89
 3405 MEDSPRITE     01 01   0.99   0.99
 3410 LRGSPRITE     01 01   1.29   1.29
 3420 S SPRITE Z    01 01   0.60   0.60
 3421 T-SPRZ        01 01   0.00   0.00
 3422 LTSPRZ        01 01   0.00   0.00
 3425 MED SPRITE Z  01 01   0.89   0.89
 3430 L SPRITE Z    01 01   1.00   1.00
 3431 V-SPRZ        01 01   0.00   0.00
 3432 VHSPRZ        01 01   0.00   0.00
 3433 VLSPRZ        01 01   0.00   0.00
 3479 L-HT CHO 16O  01 01   0.00   0.00
 3480 LRGHTCHO      01 01   1.39   1.39
 3482 H CHC L BEVM  01 01   0.30   0.30
 3483 MTEALC        01 01   0.00   0.00
 3484 MHOTLC        01 01   0.00   0.00
 3485 LRGTEA        01 01   0.99   0.99
 3486 LRG TEA       01 01   1.00   1.00
 3487 BL-TEA        01 01   0.00   0.00
 3488 LTEALC        01 01   0.00   0.00
 3489 LC12OZ        01 01   0.00   0.00
 3490 LC16OZ        01 01   0.00   0.00
 3491 VHCAPU        01 01   0.20   0.20
 3492 VHLATT        01 01   0.20   0.20
 3493 VHWCOF        01 01   0.00   0.00
 3494 VHBCOF        01 01   0.00   0.00
 3495 LLATLC        01 01   0.00   0.00
 3496 LCAPLC        01 01   0.00   0.00
 3497 LBCFLC        01 01   0.00   0.00
 3498 LWCFLC        01 01   0.00   0.00
 3499 VHTEA         01 01   0.00   0.00
 3500 MEDTEA        01 01   0.89   0.89
 3501 LM-TEA        01 01   0.92   0.92
 3502 H-TEA         01 01   0.60   0.60
 3503 T.TEA         01 01   0.00   0.00
 3504 LTTEA         01 01   0.00   0.00
 3505 M-TEA         01 01   0.89   0.89
 3506 V-TEA         01 01   0.00   0.00
 3507 LRGCAPP       01 01   1.69   1.69
 3508 LRGLATT       01 01   1.69   1.69
 3509 LRG WHT COF   01 01   1.49   1.49
 3511 LRGBLKCOF     01 01   1.49   1.49
 3512 L CAPP        01 01   1.30   1.30
 3513 LRG LATTE     01 01   1.30   1.30
 3514 L WHT COF     01 01   1.00   1.00
 3515 L BLK COF     01 01   1.00   1.00
 3516 LOY MED LATT  01 01   0.00   0.00
 3517 LOY MED CAPP  01 01   0.00   0.00
 3518 LOY M BLACK   01 01   0.00   0.00
 3519 LOY MED WHIT  01 01   0.00   0.00
 3521 MEDCAPP       01 01   1.39   1.39
 3524 CAPP (30p)    01 01   0.30   0.30
 3526 MEDLATTE      01 01   1.39   1.39
 3529 LAT (30p)     01 01   0.30   0.30
 3531 MEDWHTCOF     01 01   1.19   1.19
 3532 M WHT COF     01 01   0.89   0.89
 3533 WCF-LM        01 01   0.92   0.92
 3534 V-WCOF        01 01   0.00   0.00
 3536 MEDBLKCOFF    01 01   1.19   1.19
 3537 M BLK COF     01 01   0.89   0.89
 3538 BCF-LM        01 01   0.92   0.92
 3539 V-BCOF        01 01   0.00   0.00
 3542 M LATTE       01 01   1.19   1.19
 3543 LAT-LM        01 01   0.92   0.92
 3544 V-LATT        01 01   0.00   0.00
 3546 M COF CAPP    01 01   1.19   1.19
 3547 CAP-LM        01 01   0.92   0.92
 3548 V-CAPP        01 01   0.00   0.00
 3569 T-WCOF        01 01   0.00   0.00
 3570 V-COFB        01 01   0.00   0.00
 3571 V-COFW        01 01   0.00   0.00
 3572 T-BCOF        01 01   0.00   0.00
 3573 T.LATT        01 01   0.30   0.30
 3574 T.CAPP        01 01   0.30   0.30
 3578 V-MTEA        01 01   0.00   0.00
 3579 LTWCOF        01 01   0.00   0.00
 3583 LTBCOF        01 01   0.00   0.00
 3584 LTLATT        01 01   0.00   0.00
 3586 BL-CAP        01 01   0.30   0.30
 3587 BL-LAT        01 01   0.30   0.30
 3588 BL-WCF        01 01   0.30   0.30
 3589 BL-BCF        01 01   0.30   0.30
 3594 LTCAPP        01 01   0.00   0.00
 3596 VHHOTC        01 01   0.00   0.00
 3597 LTHOTC        01 01   0.00   0.00
 3598 T-HOTC        01 01   0.00   0.00
 3599 V-HOTC        01 01   0.00   0.00
 3604 H-HOTC        01 01   0.60   0.60
 3605 V-HCHO        01 01   0.00   0.00
 3606 BF_CHC        01 01   0.00   0.00
 3607 LHOTCHO       01 01   1.00   1.00
 3608 MEDHTCHC      01 01   1.19   1.19
 3609 M HT CHO      01 01   0.89   0.89
 3687 V-MCAP        01 01   0.00   0.00
 3688 V-MLAT        01 01   0.00   0.00
 3704 VH-OJ         01 01   0.00   0.00
 3708 T-OJ          01 01   0.00   0.00
 3709 LTOJ          01 01   0.00   0.00
 3710 H-JUIC        01 01   0.00   0.00
 3711 H-OJ          01 01   0.60   0.60
 3712 M OJ          01 01   0.89   0.89
 3713 OJ BOT        01 01   1.00   1.00
 3714 OJ BOT        01 01   1.29   1.29
 3715 E-JUIC        01 01   0.00   0.00
 3718 BF_OJ         01 01   0.00   0.00
 3722 V-OJ          01 01   0.00   0.00
 3750 MILK          01 02   0.79   0.79
 3753 VHMILK        01 02   0.00   0.00
 3754 LTMILK        01 02   0.00   0.00
 3755 H-MILK        01 02   0.47   0.47
 3756 MEDMLK        01 01   0.17   0.17
 3757 LRGMLK        01 01   0.49   0.49
 3758 HAPMLK        01 01   0.13   0.13
 3759 TD-MLK        01 02   0.00   0.00
 3760 MILK          01 02   0.72   0.72
 3761 BF_MLK        01 01   0.00   0.00
 3762 MILK          01 02   0.71   0.71
 3763 V-MILK        01 02   0.00   0.00
 3764 PCLMLK        01 01   0.29   0.29
 3766 V.MINW        01 01   0.00   0.00
 3767 VHWATR        01 01   0.00   0.00
 3780 WTRMIN        01 01   0.89   0.89
 3782 LM-MIN        01 01   1.00   1.00
 3783 T-MINW        01 01   0.00   0.00
 3784 LTMINW        01 01   0.00   0.00
 3810 MIN WTR       01 01   1.19   1.19
 3839 SOASIS        01 01   0.00   0.00
 3840 MOASIS        01 01   0.00   0.00
 3841 LOASIS        01 01   0.00   0.00
 3842 HOASIS        01 01   0.00   0.00
 3843 EOASIS        01 01   0.00   0.00
 3844 LMOAS         01 01   0.00   0.00
 3845 TMOAS         01 01   0.00   0.00
 3846 LTOAS         01 01   0.00   0.00
 3868 V-MINW        01 01   0.00   0.00
 3874 ESPSGL        01 01   0.79   0.79
 3875 ESPDBL        01 01   0.99   0.99
 3876 V-ESGL        01 01   0.00   0.00
 3877 V-EDBL        01 01   0.00   0.00
 3878 EVMSGL        01 01   0.89   0.89
 3879 EVMDBL        01 01   0.89   0.89
 3880 LMLSGL        01 01   1.00   1.00
 3881 LMLDBL        01 01   1.00   1.00
 3882 TDSSGL        01 01   0.00   0.00
 3883 TDSDBL        01 01   0.00   0.00
 3884 SGLTDS        01 01   0.00   0.00
 3885 DBLTDS        01 01   0.00   0.00
 3886 LOYSGL        01 01   0.00   0.00
 3887 LOYDBL        01 01   0.00   0.00
 3892 VHOASI        01 01   0.00   0.00
 3893 VMOASI        01 01   0.00   0.00
 3894 VLOASI        01 01   0.00   0.00
 3908 BLUEMF        01 01   0.00   0.00
 4001 YORKIE        01 01   0.00   0.00
 4002 CRMLSHK       01 01   0.00   0.00
 4003 LRGCAR        01 01   0.00   0.00
 4004 T-CARA        01 01   0.00   0.00
 4005 LT-CAR        01 01   0.00   0.00
 4006 HAPCAR        01 01   0.00   0.00
 4007 VH-CAR        01 01   0.00   0.00
 4008 V-CARA        01 01   0.00   0.00
 4009 VL-CAR        01 01   0.00   0.00
 4016 BEL BROWN     01 02   1.29   1.29
 4017 SUG DNUT      01 02   0.79   0.79
 4018 V-SDNT        01 01   0.00   0.00
 4019 CAR30P        01 01   0.00   0.00
 4022 DCHOMF        01 02   0.99   0.99
 4023 MUF-BBERRY    01 02   0.99   0.99
 4028 E-CARA        01 01   0.00   0.00
 4029 LM-CAR        01 01   0.00   0.00
 4070 CHCDNT        01 01   0.00   0.00
 4099 2APPIE        01 01   0.00   0.00
 4100 APLPIE        01 01   0.89   0.89
 4104 FESPIE        01 01   0.00   0.00
 4105 V-PIE         01 01   0.00   0.00
 4115 CHERRY        01 01   0.00   0.00
 4116 DRIFLY        01 01   0.00   0.00
 4198 V-TOFF        01 01   0.00   0.00
 4199 V-STRS        01 01   0.00   0.00
 4200 B/CAKE        01 02   5.99   5.99
 4215 GXYFLY        01 01   1.29   1.29
 4216 RFLFLY        01 01   1.29   1.29
 4217 CFLFLY        01 01   1.29   1.29
 4221 GXCFLY        01 01   1.29   1.29
 4242 MAEROF        01 01   0.00   0.00
 4243 CAEROF        01 01   0.00   0.00
 4246 CHOUP         01 02   0.40   0.40
 4247 STRUP         01 02   0.40   0.40
 4248 VANUP         01 02   0.40   0.40
 4249 BANUP         01 02   0.40   0.40
 4252 V-PROF        01 01   0.00   0.00
 4253 V-SMAF        01 01   0.00   0.00
 4254 V-CADF        01 01   0.00   0.00
 4255 V-CRUF        01 01   0.00   0.00
 4258 WISPA FLY     01 01   0.00   0.00
 4265 V CHOC SHK    01 02   0.00   0.00
 4266 V-STR SHK     01 02   0.00   0.00
 4267 V SHK VAN     01 02   0.00   0.00
 4268 VL-BAN        01 02   0.00   0.00
 4271 VH-VAN        01 02   0.00   0.00
 4272 VH-STR        01 02   0.00   0.00
 4273 VH-BAN        01 02   0.00   0.00
 4274 VH-CHO        01 02   0.00   0.00
 4279 LTBAN         01 02   0.40   0.40
 4282 LT-VAN        01 02   0.40   0.40
 4283 LTSTRW        01 02   0.40   0.40
 4284 LTCHOC        01 02   0.40   0.40
 4288 T-BAN         01 02   0.40   0.40
 4289 T-VAN         01 02   0.40   0.40
 4292 T-STR         01 02   0.40   0.40
 4293 T-CHO         01 02   0.40   0.40
 4300 MEDCHOSHK     01 02   1.49   1.49
 4301 MDBLTC        01 01   0.00   0.00
 4302 EVMDTC        01 01   0.00   0.00
 4303 LEVDTC        01 01   0.00   0.00
 4305 LRGCHOCSHK    01 02   1.69   1.69
 4307 VCHDTC        01 01   0.00   0.00
 4309 V-CHOC        01 02   0.00   0.00
 4310 MEDSTRSHK     01 02   1.49   1.49
 4311 MDBLTS        01 02   1.89   1.89
 4312 EVMDTS        01 02   1.59   1.59
 4313 LEVDTS        01 02   1.40   1.40
 4314 VCHDTS        01 02   0.00   0.00
 4315 LRGSTRSHK     01 02   1.69   1.69
 4317 T-DTCST       01 02   0.70   0.70
 4318 LT-DTS        01 02   0.40   0.40
 4319 V-STRW        01 02   0.00   0.00
 4320 MEDVANSHK     01 02   1.49   1.49
 4323 V-VAN         01 02   0.00   0.00
 4325 LRGVANSHK     01 02   1.69   1.69
 4330 MEDBANSHK     01 02   1.49   1.49
 4331 MDBLTB        01 02   1.89   1.89
 4332 EVMDTB        01 02   1.59   1.59
 4333 LEVDTB        01 02   1.40   1.40
 4334 VCHDTB        01 02   0.00   0.00
 4335 LRGBANSHK     01 02   1.69   1.69
 4339 T-DTVM        01 02   0.70   0.70
 4341 LT-DTB        01 02   0.40   0.40
 4342 MDBLTV        01 01   0.00   0.00
 4344 VCHDTV        01 01   0.00   0.00
 4351 EVMDTV        01 01   0.00   0.00
 4352 LEVDTV        01 01   0.00   0.00
 4354 V-BAN         01 02   0.00   0.00
 4370 M CHOC SHK    01 02   1.29   1.29
 4371 L CHSHK       01 02   1.40   1.40
 4375 M-SHK STR     01 02   1.29   1.29
 4376 L STRSHK      01 02   1.40   1.40
 4378 H-VAN         01 02   0.60   0.60
 4379 SML STR       01 02   0.60   0.60
 4380 MED VAN SHK   01 02   1.29   1.29
 4381 L VANSHK      01 02   1.40   1.40
 4383 H-BAN         01 02   0.60   0.60
 4384 H-CHO         01 02   0.60   0.60
 4385 M BAN SHK     01 02   1.29   1.29
 4386 L BAN SHK     01 02   1.40   1.40
 4397 SMAFLY        01 01   0.99   0.99
 4406 CADFLY        01 01   0.99   0.99
 4407 CRUFLY        01 01   0.99   0.99
 4410 STRSUN        01 01   0.99   0.99
 4415 TOFSUN        01 01   0.99   0.99
  443 BIGBFST       01 01   0.00   0.00
 4434 EGGFLY        01 01   0.00   0.00
 4439 TCOFLY        01 01   0.00   0.00
  444 BIGMAC        01 01   0.00   0.00
 4440 CONFLK        01 01   0.69   0.69
  445 CHKSAN        01 01   0.00   0.00
 4450 CONES         01 01   0.59   0.59
  446 6NUGG         01 01   0.00   0.00
 4460 CONE          01 01   0.54   0.54
 4473 KITFLY        01 01   0.00   0.00
  448 FILET         01 01   0.00   0.00
  449 QTRCHB        01 01   0.00   0.00
  450 VEGDLX        01 01   0.00   0.00
  451 SALLGN        01 01   0.00   0.00
  452 MAYOLG        01 01   0.00   0.00
  453 3CHKSEL       01 01   0.00   0.00
 4538 TOFFLY        01 01   0.00   0.00
  454 5CHKSEL       01 01   0.00   0.00
  455 THE M         01 01   0.00   0.00
 4567 ROLOFL        01 01   0.00   0.00
 4569 MINTFL        01 01   0.00   0.00
 4573 LIONFL        01 01   0.00   0.00
 4588 CDLXFL        01 01   0.00   0.00
 4589 CHORFL        01 01   0.00   0.00
 4597 MTCFLY        01 01   0.00   0.00
 4598 CHOCFL        01 01   0.00   0.00
 4599 STWFLY        01 01   0.00   0.00
 4600 BBQ           01 02   0.00   0.00
 4601 BBQDIP        01 01   0.00   0.00
 4610 DIP S + S     01 02   0.00   0.00
 4611 S+SDIP        01 01   0.00   0.00
 4614 CURDIP        01 01   0.00   0.00
 4615 CURRY         01 02   0.00   0.00
 4617 KETDIP        01 01   0.00   0.00
 4623 SPTOMD        01 01   0.00   0.00
 4630 BBQ20P        01 02   0.20   0.20
 4632 CHL20P        01 02   0.20   0.20
 4633 SCR20P        01 02   0.20   0.20
 4635 VSMKBQ        01 02   0.00   0.00
 4636 VSCHIL        01 02   0.00   0.00
 4637 VSC&CV        01 02   0.00   0.00
 4638 DIPCHL        01 01   0.00   0.00
 4639 DIPSCR        01 02   0.00   0.00
 4643 DIP-SAL       01 02   0.00   0.00
 4645 DIPONI        01 01   0.00   0.00
 4646 DIP-TT        01 01   0.00   0.00
 4648 DIPFES        01 01   0.00   0.00
 4650 KETCH         01 02   0.00   0.00
 4662 T-DTCH        01 01   0.00   0.00
 4663 LT-DTC        01 01   0.00   0.00
 4664 UPDTCH        01 01   0.00   0.00
 4665 LDTCUP        01 01   0.00   0.00
 4666 LDTCUP        01 01   0.00   0.00
 4667 LDTSUP        01 02   0.40   0.40
 4668 LDTBUP        01 02   0.40   0.40
 4669 T-DTVM        01 01   0.00   0.00
 4670 LT-DTV        01 01   0.00   0.00
 4671 UPDTVM        01 01   0.00   0.00
 4672 UPDTST        01 02   0.70   0.70
 4673 UPDTBC        01 02   0.70   0.70
  470 S+EMUF        01 01   0.00   0.00
  471 B+EMUF        01 01   0.00   0.00
  472 PCKSAUS       01 01   0.00   0.00
  473 DUBS+E        01 01   0.00   0.00
  474 DBL B+E       01 01   0.00   0.00
  475 BROLBR        01 01   0.00   0.00
 4750 STRJAM        01 02   0.17   0.17
  476 BROLKT        01 01   0.00   0.00
  477 BIGCHS        01 01   0.00   0.00
  478 FIECHK        01 01   0.00   0.00
  479 MEDIUM FRIES  01 01   0.00   0.00
  480 SAUBAG        01 01   0.00   0.00
 4800 SML FRIES     01 01   0.89   0.89
  481 SMRTFLRY      01 01   0.00   0.00
 4810 MED FRIES     01 01   0.99   0.99
  482 DRYMFLRY      01 01   0.00   0.00
 4820 LRG FRIES     01 01   1.39   1.39
  483 CRNCHFLRY     01 01   0.00   0.00
 4833 MED FRIES     01 01   0.00   0.00
 4834 LRG FRIES     01 01   0.00   0.00
  484 APPPIE        01 01   0.00   0.00
 4843 TDS M WED     01 01   1.80   1.80
 4844 TDS L WED     01 01   1.80   1.80
  485 OATSO         01 01   0.00   0.00
 4850 WEDGES        01 01   1.49   1.49
 4851 LWEDML        01 01   0.00   0.00
 4853 WEDEVM        01 01   0.30   0.30
  486 HASH          01 01   0.00   0.00
 4861 HAPWED        01 01   0.30   0.30
  487 CCHKBAC       01 01   0.00   0.00
 4874 EMPWED        01 01   0.30   0.30
  488 GCHKBAC       01 01   0.00   0.00
 4885 PDIPPS        01 01   0.00   0.00
 4886 H-DIPP        01 01   0.00   0.00
 4887 E-DIPP        01 01   0.00   0.00
 4888 LMDIPP        01 01   0.00   0.00
 4889               01 01   0.00   0.00
  489 CCHKSAL       01 01   0.00   0.00
 4890               01 01   0.00   0.00
 4892 CHSONI        01 01   0.00   0.00
  490 GCHKSAL       01 01   0.00   0.00
  491 HAMBRG        01 01   0.00   0.00
  492 CHSBRG        01 01   0.00   0.00
  493 BIGTAS        01 01   0.00   0.00
  494 BIGTBAC       01 01   0.00   0.00
  495 HMHAM         01 01   0.00   0.00
  496 HMCHB         01 01   0.00   0.00
  497 HMFISH        01 01   0.00   0.00
  498 HMNUG         01 01   0.00   0.00
  499 WFEAST        01 01   0.00   0.00
  500 CBMELT        01 01   0.00   0.00
  501 POTWED        01 01   0.00   0.00
  502 BSALSL        01 01   0.00   0.00
  503 BMAYOL        01 01   0.00   0.00
  504 MIAMLT        01 01   0.00   0.00
 5040 BG BRK        01 01   2.29   2.29
  505 NEWYOKCL      01 01   0.00   0.00
  506 CHCAGO        01 01   0.00   0.00
 5061 BCNROL        01 01   0.00   0.00
 5062 BCNRML        01 01   0.00   0.00
 5063 B&E + COF 1.  01 01   1.99   1.99
 5064 S+E+COF 1.99  01 01   1.99   1.99
 5065 SAU+EGG       01 01   1.00   1.00
 5066 BAC+EGG       01 01   1.00   1.00
 5067 AOBAG&SE&C 1  01 01   1.99   1.99
 5068 AO S&E&C 1.9  01 01   1.99   1.99
 5069 AO B+E+C      01 01   1.99   1.99
  507 ARZDLX        01 01   0.00   0.00
  508 SUMBBQ        01 01   0.00   0.00
 5080 S+EMUF        01 01   1.89   1.89
  509 CHKSUP        01 01   0.00   0.00
 5090 B+EMUF        01 01   1.89   1.89
 5091 BROLBR        01 01   1.89   1.89
 5092 BRBRML        01 01   3.19   3.19
 5095 EGGMUF        01 01   1.29   1.29
 5096 BROLKT        01 01   1.89   1.89
 5098 KTBRML        01 01   3.19   3.19
  510 BACROL        01 01   0.00   0.00
 5105 DUBS+E        01 01   2.19   2.19
 5107 S+E+M DRK     01 01   1.99   1.99
 5108 B+E M DRK     01 01   1.99   1.99
 5110 DBL B+E       01 01   2.19   2.19
 5111 BAC+ EGG      01 01   0.99   0.99
 5112 Saus Egg Muf  01 01   0.99   0.99
  512 NUGS x 9      01 01   0.00   0.00
 5120 DB+EML        01 01   3.39   3.39
 5125 DS+EML        01 01   3.39   3.39
  513 NUGS x 20     01 01   0.00   0.00
  514 QTCDBL        01 01   0.00   0.00
  515 MAYCHK        01 01   0.00   0.00
 5150 PC&SGE        01 01   2.19   2.19
 5155 PCMEAL        01 01   3.09   3.09
  516 BAGB&E        01 01   0.00   0.00
  517 GREAT         01 01   0.00   0.00
 5170 PC&SYP        01 01   1.89   1.89
  518 CBSUPR        01 01   0.00   0.00
  519 DBLCHB        01 01   0.00   0.00
  520 CBO           01 01   0.00   0.00
 5209 S+E x2 OFFER  01 01   2.00   2.00
  521 QTRDLX        01 01   0.00   0.00
  522 BQTRDX        01 01   0.00   0.00
  523 NEWORL        01 01   0.00   0.00
  524 TEXAS         01 01   0.00   0.00
  525 BACON M       01 01   0.00   0.00
  526 Mayo Chicken  01 01   0.00   0.00
  527 SUPREM        01 01   0.00   0.00
  528 FESDLX        01 01   0.00   0.00
  529 GRLSTR        01 01   0.00   0.00
  530 CHYPIE        01 01   0.00   0.00
 5310 B+EGML        01 01   3.09   3.09
 5320 S+EGML        01 01   3.09   3.09
 5330 BBMEAL        01 01   3.29   3.29
 5402 BAGJAM        01 01   0.99   0.99
 5403 BAGPHL        01 01   0.99   0.99
 5404 OATSO         01 01   0.99   0.99
 5407 OATSO + SYRU  01 01   0.99   0.99
 5409 OATSO + SUGA  01 01   0.99   0.99
 5410 OATSO + JAM   01 01   0.99   0.99
 5415 V-OAT         01 01   0.00   0.00
 5417 PHILLY        01 01   0.29   0.29
 5418 OATCP         01 01   0.00   0.00
 5419 COMPOT        01 01   0.00   0.00
 5421 BAGB&E        01 01   1.89   1.89
 5430 BAGS+E        01 01   1.89   1.89
 5431 SE BAG + COF  01 01   0.00   0.00
 5437 BFWR-K        01 01   0.00   0.00
 5438 BFWR-B        01 01   0.00   0.00
 5439 BRKWKE        01 01   0.00   0.00
 5440 BRKWBR        01 01   0.00   0.00
 5441 S+EBML        01 01   0.00   0.00
 5442 B+EBML        01 01   0.00   0.00
 5443 V-COMP        01 01   0.00   0.00
 5500 HBROWN        01 01   0.59   0.59
 5501 HSHBRWN       01 01   0.00   0.00
 5505 Ex Hash Brow  01 01   0.30   0.30
 5506 VCH HASH      01 01   0.00   0.00
 5510 EMPPAN        01 01   1.99   1.99
 5511 EMPS+E        01 01   1.99   1.99
 5512 EMPB&E        01 01   1.99   1.99
 5513 EMPBAC        01 01   1.99   1.99
 5514 EMPBIG        01 01   1.99   1.99
 5515 EMPBFAST      01 01   1.49   1.49
 5516 EMBWPK        01 01   0.00   0.00
 5517 EMBWPB        01 01   0.00   0.00
 5518 EMS+EB        01 01   0.00   0.00
 5519 EMB+EB        01 01   0.00   0.00
 5613 SUMMER BBQ (  01 01   0.00   0.00
 5614 MEVM SUMMER   01 01   0.00   0.00
 5615 LEVM SUMMER   01 01   0.00   0.00
 5616 CHICKEN SUPR  01 01   0.00   0.00
 5617 MEVM CHICKEN  01 01   0.00   0.00
 5618 LEVM CHICKEN  01 01   0.00   0.00
 5619 SHKCAR        01 01   0.00   0.00
 5620 CARLRG        01 01   0.00   0.00
 5621 SGLESP        01 01   0.00   0.00
 5622 DBLESP        01 01   0.00   0.00
 5623 OASISS        01 01   0.00   0.00
 5624 OASISM        01 01   0.00   0.00
 5625 OASISL        01 01   0.00   0.00
 5626 FMAERO        01 01   0.00   0.00
 5627 FCAERO        01 01   0.00   0.00
 5628 FRIZ-M        01 01   0.00   0.00
 5629 FRIZ-L        01 01   0.00   0.00
 5630 FRIZ-S        01 01   0.00   0.00
 5631 DLXQTR        01 01   0.00   0.00
 5632 DXBQTR        01 01   0.00   0.00
 5633 EVMQDX        01 01   0.00   0.00
 5634 EVMQDX        01 01   0.00   0.00
 5635 LMLQTX        01 01   0.00   0.00
 5636 LMLQTX        01 01   0.00   0.00
 5637 MBAC          01 01   0.00   0.00
 5638 EVMMBC        01 01   0.00   0.00
 5639 LMLBM         01 01   0.00   0.00
 5643 DBLTCM        01 01   0.00   0.00
 5645 DBLTVM        01 01   0.00   0.00
 5646 DBLTVM        01 01   0.00   0.00
 5650 FLYRFL        01 01   0.00   0.00
 5651 FLYCFL        01 01   0.00   0.00
 5652 1955N         01 01   0.00   0.00
 5653 EVM 55        01 01   0.00   0.00
 5654 LML 55        01 01   0.00   0.00
 5655 FLYGXY        01 01   0.00   0.00
 5656 FLRY-GLXY CO  01 01   0.00   0.00
 5660 DBLTSR        01 01   0.00   0.00
 5661 DBLTBC        01 01   0.00   0.00
 5669 DLXFES        01 01   0.00   0.00
 5670 EVMFDL        01 01   0.00   0.00
 5671 MLFDLL        01 01   0.00   0.00
 5672 BCO           01 01   0.00   0.00
 5673 BCOEVM        01 01   0.00   0.00
 5674 LBCOML        01 01   0.00   0.00
 5684 CHSMLWED      01 01   1.49   1.49
 5685 FLYTCO        01 01   0.00   0.00
 5690 STR CORNETTO  01 01   0.00   0.00
 5691 CHC CORNETTO  01 01   0.00   0.00
 5692 MINT CRNTTO   01 01   0.00   0.00
 5701 SPMSUM        01 01   0.00   0.00
 5702 EVMSMS        01 01   0.00   0.00
 5703 LMLSMS        01 01   0.00   0.00
 5708 MIAMI         01 01   0.00   0.00
 5712 LMLMIA        01 01   0.00   0.00
 5716 EVMMIAM       01 01   0.00   0.00
 5719 SUG DONUT     01 01   0.00   0.00
 5720 BEL BROWN     01 01   0.00   0.00
 5726 LBACSALSA     01 01   0.00   0.00
 5727 BACMAYO       01 01   0.00   0.00
 5728 BACSALSA      01 01   0.00   0.00
 5729 MBACMYO       01 01   0.00   0.00
 5730 MSAL          01 01   0.00   0.00
 5731 LBACMYO       01 01   0.00   0.00
 5732 LML M         01 01   0.00   0.00
 5733 EVM M         01 01   0.00   0.00
 5734 M THE         01 01   0.00   0.00
 5735 HCHC-L        01 01   0.00   0.00
 5756 LMLMLG        01 01   0.00   0.00
 5757 EVMMLG        01 01   0.00   0.00
 5758 LGMAYO        01 01   0.00   0.00
 5759 LMLSLG        01 01   0.00   0.00
 5760 EVMSLG        01 01   0.00   0.00
 5761 LGSALS        01 01   0.00   0.00
 5762 RINGON        01 01   0.00   0.00
 5763 NEWYK         01 01   0.00   0.00
 5764 EVMNEW        01 01   0.00   0.00
 5765 LMLNEW        01 01   0.00   0.00
 5766 CHCGO         01 01   0.00   0.00
 5767 EVMCHC        01 01   0.00   0.00
 5768 LMLCHC        01 01   0.00   0.00
 5772 TEXAS         01 01   0.00   0.00
 5773 EVMTXS        01 01   0.00   0.00
 5774 LMLTXS        01 01   0.00   0.00
 5775 LMLBTY        01 01   0.00   0.00
 5776 EVMBTY        01 01   0.00   0.00
 5777 TASBAC        01 01   0.00   0.00
 5778 LMLTAS        01 01   0.00   0.00
 5779 EVMTAS        01 01   0.00   0.00
 5780 TASBIG        01 01   0.00   0.00
 5787 WEDGEP        01 01   0.00   0.00
 5788 EUPWED        01 01   0.00   0.00
 5789 LUPWED        01 01   0.00   0.00
 5798 DIPMOZ        01 01   0.00   0.00
 5800 MACBIG        01 01   0.00   0.00
 5801 EVMMAC        01 01   0.00   0.00
 5802 LMLMAC        01 01   0.00   0.00
 5803 SANCHK        01 01   0.00   0.00
 5804 EVM CK        01 01   0.00   0.00
 5805 LMLCHK        01 01   0.00   0.00
 5806 CHSQTR        01 01   0.00   0.00
 5807 EVMQTC        01 01   0.00   0.00
 5808 LMLQTC        01 01   0.00   0.00
 5809 QTCDBL        01 01   0.00   0.00
 5810 EVMDQT        01 01   0.00   0.00
 5811 LMLDQT        01 01   0.00   0.00
 5812 NUG-6         01 01   0.00   0.00
 5813 EVMNG6        01 01   0.00   0.00
 5814 LMLNG6        01 01   0.00   0.00
 5815 FILET         01 01   0.00   0.00
 5816 EVMFIL        01 01   0.00   0.00
 5817 LMLFIL        01 01   0.00   0.00
 5818 NUG-9         01 01   0.00   0.00
 5819 NUG-20        01 01   0.00   0.00
 5820 COKE-M        01 01   0.00   0.00
 5821 DIET-M        01 01   0.00   0.00
 5822 SPTZ-M        01 01   0.00   0.00
 5824 FIZZ-M        01 01   0.00   0.00
 5825 FANT-M        01 01   0.00   0.00
 5826 M-IRN BRU     01 01   0.00   0.00
 5828 CAPP-M        01 01   0.00   0.00
 5829 LATT-M        01 01   0.00   0.00
 5830 BKCF-N        01 01   0.00   0.00
 5831 WTCF-N        01 01   0.00   0.00
 5832 TEA-M         01 01   0.00   0.00
 5833 COKE-L        01 01   0.00   0.00
 5834 DIET-L        01 01   0.00   0.00
 5835 SPTZ-L        01 01   0.00   0.00
 5837 FIZZ-L        01 01   0.00   0.00
 5838 FANT-L        01 01   0.00   0.00
 5839 IRN-L         01 01   0.00   0.00
 5841 CAPP-L        01 01   0.00   0.00
 5842 LATT-L        01 01   0.00   0.00
 5843 BKCF-L        01 01   0.00   0.00
 5844 WTCF-L        01 01   0.00   0.00
 5845 TEA-L         01 01   0.00   0.00
 5846 HCHO-M        01 01   0.00   0.00
 5847 WATER         01 01   0.00   0.00
 5848 OJ            01 01   0.00   0.00
 5850 MUF BBERRY    01 01   0.00   0.00
 5851 TCHOMF        01 01   0.00   0.00
 5852 FRY-S         01 01   0.00   0.00
 5853 FRY-M         01 01   0.00   0.00
 5854 FRY-L         01 01   0.00   0.00
 5855 CHSH-M        01 01   0.00   0.00
 5856 STSH-M        01 01   0.00   0.00
 5857 VNSH-M        01 01   0.00   0.00
 5858 BNSH-M        01 01   0.00   0.00
 5859 CHSK-L        01 01   0.00   0.00
 5860 STSK-L        01 01   0.00   0.00
 5861 VNSK-L        01 01   0.00   0.00
 5862 BNSK-L        01 01   0.00   0.00
 5863 FLYCAD        01 01   0.00   0.00
 5864 FLYSMA        01 01   0.00   0.00
 5865 FLYCRU        01 01   0.00   0.00
 5866 CHSDBL        01 01   0.00   0.00
 5867 COKZ-M        01 01   0.00   0.00
 5868 COKZ-L        01 01   0.00   0.00
 5869 SUNSTR        01 01   0.00   0.00
 5870 SUNTOF        01 01   0.00   0.00
 5871 MILK          01 01   0.00   0.00
 5875 CKSL-3        01 01   0.00   0.00
 5876 EVM3SL        01 01   0.00   0.00
 5877 LML3SL        01 01   0.00   0.00
 5878 CKSL-5        01 01   0.00   0.00
 5879 EVM5SL        01 01   0.00   0.00
 5880 LML5SL        01 01   0.00   0.00
 5881 PROFLY        01 01   0.00   0.00
 5894 DLXVEG        01 01   0.00   0.00
 5895 EVMVEG        01 01   0.00   0.00
 5896 LMLVEG        01 01   0.00   0.00
 5899 ONBCHS        01 01   0.00   0.00
 5931 SUPRME        01 01   0.00   0.00
 5933 EVMSUP        01 01   0.00   0.00
 5935 LMLSUP        01 01   0.00   0.00
 5936 ORLEAN        01 01   0.00   0.00
 5937 EVMORL        01 01   0.00   0.00
 5938 LMLORL        01 01   0.00   0.00
 6000 MACEVM        01 01   2.90   2.90
 6014 BTYEVM        01 01   0.00   0.00
 6016 TASEVM        01 01   0.00   0.00
 6019 GRLEVM        01 01   0.00   0.00
 6020 QTCEVM        01 01   2.90   2.90
 6024 EVMCHK        01 01   2.90   2.90
 6040 SIXEVM        01 01   2.90   2.90
 6100 LMACML        01 01   3.09   3.09
 6102 SBQEVM        01 01   0.00   0.00
 6103 LSBQML        01 01   0.00   0.00
 6104 SUPEVM        01 01   0.00   0.00
 6105 LSUPML        01 01   0.00   0.00
 6106 EVM 1955      01 01   4.00   4.00
 6107 .LRG 1955 ML  01 01   4.19   4.19
 6111 LCHIKM        01 01   3.09   3.09
 6113 LBTYML        01 01   0.00   0.00
 6116 LTASML        01 01   0.00   0.00
 6119 LGRLML        01 01   0.00   0.00
 6120 LQTCML        01 01   3.09   3.09
 6130 L6NGML        01 01   3.09   3.09
 6150 FILEVM        01 01   2.90   2.90
 6160 LFILML        01 01   3.09   3.09
 6170 QDXEVM        01 01   0.00   0.00
 6175 BQXEVM        01 01   0.00   0.00
 6180 LQDXML        01 01   0.00   0.00
 6182 LBQTML        01 01   0.00   0.00
 6183 EMPQTX        01 01   0.00   0.00
 6184 EMPBQX        01 01   0.00   0.00
 6211 3CSEVM        01 01   3.00   3.00
 6212 5CSEVM        01 01   4.10   4.10
 6213 L5CSML        01 01   4.29   4.29
 6214 L3CSML        01 01   3.19   3.19
 6215 EMPCKS        01 01   3.29   3.29
 6217 V 3CK SL ML   01 01   0.00   0.00
 6232 EMPGRL        01 01   0.00   0.00
 6265 DQCHSE        01 01   0.00   0.00
 6270 LDQCHS        01 01   0.00   0.00
 6276 DLXEVM        01 01   0.00   0.00
 6277 BDXEVM        01 01   0.00   0.00
 6278 LDLXML        01 01   0.00   0.00
 6279 LBDXML        01 01   0.00   0.00
 6353 CDXEVM        01 01   0.00   0.00
 6354 BCDEVM        01 01   0.00   0.00
 6357 LCDXML        01 01   0.00   0.00
 6358 LBCDML        01 01   0.00   0.00
 6363 EVM M         01 01   0.00   0.00
 6364 LEVM M        01 01   0.00   0.00
 6367 MBCEVM        01 01   0.00   0.00
 6368 LBMML         01 01   0.00   0.00
 6371 MLDEVM        01 01   3.40   3.40
 6372 LMLDML        01 01   3.59   3.59
 6373 SLDEVM        01 01   3.40   3.40
 6374 LSLDML        01 01   3.59   3.59
 6379 EMPLSL        01 01   3.29   3.29
 6384 EMPLMY        01 01   3.29   3.29
 6400 LRGEVM        01 01   0.19   0.19
 6407 VLRGUP        01 01   0.00   0.00
 6408 VLRG30        01 01   0.30   0.30
 6416 FIEEVM        01 01   0.00   0.00
 6417 LFIEML        01 01   0.00   0.00
 6418 FSTEVM        01 01   0.00   0.00
 6419 LFSTML        01 01   0.00   0.00
 6426 MLTEVM        01 01   0.00   0.00
 6427 LMLTML        01 01   0.00   0.00
 6455 Z-GLD C&B     01 01   0.00   0.00
 6460 VEGEVM        01 01   2.90   2.90
 6464 EMPTAS        01 01   0.00   0.00
 6468 EMPSUP        01 01   0.00   0.00
 6470 LVEGML        01 01   3.09   3.09
 6484 EMP199        01 01   1.99   1.99
 6485 EMPMAC        01 01   2.29   2.29
 6486 EMPCHK        01 01   2.29   2.29
 6487 EMPQTR        01 01   2.29   2.29
 6488 EMPFIL        01 01   2.29   2.29
 6489 EMP6NG        01 01   2.29   2.29
 6496 EMPVEG        01 01   2.29   2.29
 6508 V-STU M FRIE  01 01   0.00   0.00
 6521 VCH B+E       01 01   0.00   0.00
 6543 VC-M+F        01 01   1.99   1.99
 6545 V-VEG         01 01   0.00   0.00
 6549 VC-C+F        01 01   1.99   1.99
 6594 EMPBBQ        01 01   0.00   0.00
 6603 CHSPEVM       01 01   0.00   0.00
 6604 LCHSPML       01 01   0.00   0.00
 6607 EVMTXSG       01 01   0.00   0.00
 6608 LTXSML        01 01   0.00   0.00
 6609 Z EM 1955 EV  01 01   3.29   3.29
 6611 M+F ST        01 01   0.00   0.00
 6612 C+F ST        01 01   0.00   0.00
 6613 V+F ST        01 01   0.00   0.00
 6614 F+F ST        01 01   0.00   0.00
 6615 BCHEVM        01 01   0.00   0.00
 6616 LBCHML        01 01   0.00   0.00
 6619 EMP M         01 01   0.00   0.00
 6625 BMLEVM        01 01   0.00   0.00
 6626 BSLEVM        01 01   0.00   0.00
 6627 LBMLML        01 01   0.00   0.00
 6628 LBSLML        01 01   0.00   0.00
 6629 EMPBCM        01 01   0.00   0.00
 6631 MIAEVM        01 01   0.00   0.00
 6632 NWYCLEVM      01 01   0.00   0.00
 6634 ARZEVM        01 01   0.00   0.00
 6635 LMIAML        01 01   0.00   0.00
 6636 LNYKCLML      01 01   0.00   0.00
 6638 LARZML        01 01   0.00   0.00
 6639 EMPMIA        01 01   0.00   0.00
 6641 EMPNYCL       01 01   0.00   0.00
 6643 EMPARZ        01 01   0.00   0.00
 6644 EMPBTS        01 01   0.00   0.00
 6645 Z-GLD C&B     01 01   2.99   2.99
 6646 Z-CPY C+B     01 01   2.99   2.99
 6647 EMPBCH        01 01   0.00   0.00
 6648 EMPFIE        01 01   0.00   0.00
 6649 EMPCHI        01 01   0.00   0.00
 6651 STUHAM        01 01   0.00   0.00
 6652 STUCHB        01 01   0.00   0.00
 6656 V-STU SMRT F  01 01   0.00   0.00
 6657 V-STU DRY FL  01 01   0.00   0.00
 6658 V-STU CRNCH   01 01   0.00   0.00
 6671 SMSEVM        01 01   3.90   3.90
 6672 LSMSML        01 01   4.09   4.09
 6676 EMPSMS        01 01   3.29   3.29
 6678 EMPFST        01 01   0.00   0.00
 6679 EMPCBM        01 01   0.00   0.00
 6685 PC-F+F        01 01   1.99   1.99
 6689 EMPSUP        01 01   0.00   0.00
 6692 H-LATT        01 01   0.90   0.90
 6693 H-CAPP        01 01   0.90   0.90
 6694 H-BCOF        01 01   0.60   0.60
 6695 H-WCOF        01 01   0.60   0.60
 6697 V-FBAG        01 01   0.00   0.00
 6735 V VG DLX ML   01 01   0.00   0.00
 6737 VCH BM MEAL   01 01   0.00   0.00
 6738 V CHK SND ML  01 01   0.00   0.00
 6739 V QT CHS ML   01 01   0.00   0.00
 6740 V FILET ML    01 01   0.00   0.00
 6742 V 6 NUG ML    01 01   0.00   0.00
 6748 VDBLML        01 01   0.00   0.00
 6759 V 2 EVM 3.99  01 01   3.99   3.99
 6761 V-CHK         01 01   0.00   0.00
 6762 V-S+E         01 01   0.00   0.00
 6767 AO2EVM        01 01   0.00   0.00
 6768 VMLDML        01 01   0.00   0.00
 6769 VSLDML        01 01   0.00   0.00
 6811 V MC+F        01 01   1.99   1.99
 6812 V CK+F        01 01   0.00   0.00
 6892 SUPEVM        01 01   0.00   0.00
 6894 EMPSUP        01 01   0.00   0.00
 6896 LSUPML        01 01   0.00   0.00
 6897 FDLEVM        01 01   0.00   0.00
 6898 LFDLML        01 01   0.00   0.00
 6916 EMP299        01 01   2.99   2.99
 6917 AOCMWC        01 01   1.99   1.99
 6918 AO6NWF        01 01   1.99   1.99
 6928 EMPBML        01 01   0.00   0.00
 6929 EMPSML        01 01   0.00   0.00
 6930 BCOEVM        01 01   3.90   3.90
 6931 LBCOML        01 01   4.09   4.09
 6932 EMPBCO        01 01   3.29   3.29
 6933 ORLEVM        01 01   0.00   0.00
 6934 LORLML        01 01   0.00   0.00
 6935 EMPNWO        01 01   0.00   0.00
 6936 EMPTXS        01 01   0.00   0.00
 6937 AOBMWC        01 01   1.99   1.99
 6952 V-QTR         01 01   0.00   0.00
 6956 V-FIL         01 01   0.00   0.00
 6962 AO M+F        01 01   1.99   1.99
 6963 AO C+F        01 01   1.99   1.99
 6964 AO F+F        01 01   1.99   1.99
 6965 AO V+F        01 01   1.99   1.99
 6966 VC-Q+F        01 01   1.99   1.99
 6967 VC-N+F        01 01   1.99   1.99
 6968 PC-M+F        01 01   1.99   1.99
 6969 AOMFRY        01 01   0.00   0.00
 6970 VCTDDK        01 01   0.00   0.00
 6971 VCBKCF        01 01   0.00   0.00
 6972 BS-M+F        01 01   1.99   1.99
 6973 BS-C+F        01 01   1.99   1.99
 6974 NV-DBF        01 01   1.99   1.99
 6975 PC-C+F        01 01   1.99   1.99
 6976 VC-F+F        01 01   1.99   1.99
 7007 RMSCPR        01 01   1.00   1.00
 7008               01 01   0.00   0.00
  701 COFMUG        01 01   0.00   0.00
 7016 SGLSTIC       01 01   0.00   0.00
 7017 M-GDSL        01 01   0.00   0.00
 7018 L-GDSL        01 01   0.00   0.00
 7019 DBLSTIC       01 01   0.00   0.00
  702 COKGLS        01 01   0.00   0.00
 7022 TPL STCKR     01 01   0.00   0.00
 7100 BQSHBG        01 01   0.00   0.00
 7101 2SELECT       01 01   0.00   0.00
 7111 99pMUG        01 01   0.00   0.00
 7112 FREEMUG       01 01   0.00   0.00
 7160 RM-RNG        01 01   1.00   1.00
 7161 RMHC KEYRING  01 01   1.00   1.00
 7200 TOY           01 01   0.99   0.99
 7210 BOYTOY        01 01   0.00   0.00
 7215 GRLTOY        01 01   0.00   0.00
 7405  Trolley Tok  01 01   1.00   1.00
 7462 RMFMAG        01 01   1.00   1.00
 7894 GLS99P        01 01   0.99   0.99
 7897 FRGLAS        01 01   0.00   0.00
 7904 COKGLS        01 01   0.00   0.00
 8000 S&EBAGML      01 01   0.00   0.00
 8001 CHEESE        01 01   0.00   0.00
 8004 MACMFRY       01 01   0.00   0.00
 8005 CHBSFRY       01 01   0.00   0.00
 8007 MACMFRY       01 01   0.00   0.00
 8008 2 APPLE PIES  01 01   0.00   0.00
 8009 B&EBAGML      01 01   0.00   0.00
 8010 NUG-20        01 01   0.00   0.00
 8011 MAYCHKML      01 01   0.00   0.00
 8012 9NUGG         01 01   0.00   0.00
 8013 10PSYP        01 01   0.00   0.00
 8014 ICEPAN        01 01   0.00   0.00
 8015 S+E x2 OFFER  01 01   0.00   0.00
 8016 CHKMEDF       01 01   0.00   0.00
 8017 B+E x2 OFFER  01 01   0.00   0.00
 8018 CHRFRO        01 01   0.00   0.00
 8019 MAYCHO        01 01   0.00   0.00
 8020 MACMFRY       01 01   0.00   0.00
 8021 CHKMFRY       01 01   0.00   0.00
 8022 HSHBRW        01 01   0.00   0.00
 8023 9NUGGM        01 01   0.00   0.00
 8024 9NUGGL        01 01   0.00   0.00
 8025 NG4EVM        01 01   0.00   0.00
 8031 FPIEOF        01 01   0.00   0.00
 8032 APPLE         01 01   0.00   0.00
 8033 CHYPIE        01 01   0.00   0.00
 8034 2SDONT        01 01   0.00   0.00
 8035 FILET OFFER   01 01   0.00   0.00
 8036 VGDOFR        01 01   0.00   0.00
 8037 BIG MAC       01 01   0.00   0.00
 8038 CHICK SANDWI  01 01   0.00   0.00
 8039 99P FILET O   01 01   0.00   0.00
 8040 99VEGD        01 01   0.00   0.00
 8041 6NUGOF        01 01   0.00   0.00
 8042 LNOFFR        01 01   0.00   0.00
 8043 MdMeallOff    01 01   0.00   0.00
 8044 AGMLOFF       01 01   0.00   0.00
 8045 FFNGHAPML     01 01   0.00   0.00
9008446 6NUGG         01 01   0.00   0.00

=======================================
    Printed On: 05/08/2010 12:04:11    
            From register: 2           
=======================================
